-10.035900 -11.232900 -9.135914
-7.140000 -8.337000 -43.139878
-7.140000 -8.337000 -10.940475
-12.070800 -11.232900 -50.802910
-20.597957 -19.660579 -37.239438
-28.938251 -44.452970 -23.643247
-20.294844 -16.837873 -19.341128
-21.863451 -23.662544 -23.372136
-30.300785 -16.487520 70.720129
-16.204253 -18.572987 309.847278
-25.083962 -20.837671 -29.685829
-53.369581 -64.468046 -89.200684
-14.789884 -15.373622 -14.477723
-46.127504 -15.358051 -54.154046
-3.300000 -3.300000 68.002764
-10.771570 8.857910 -9.752242
-10.304647 -8.865675 -36.622461
-8.023500 -6.797175 -25.697175
-7.143022 -8.225217 -5.955000
-10.903147 -10.060972 -10.299622
-7.440457 -7.979107 -9.845549
-9.812833 -9.120529 -9.812833
-7.221150 -7.979107 -7.491000
-5.359500 -5.359500 -6.507000
-4.764000 -4.764000 -5.242800
-6.418800 -6.418800 396.112569
-4.764000 -3.084000 -5.647740
-4.764000 -4.080000 -4.764000
-2.100000 -2.100000 212.970055
-4.554000 -4.168500 -6.256224
-9.229549 -10.189690 119.620639
-8.212883 104.080748 -7.387551
-3.885079 35.515039 -0.801573
-5.226363 453.965706 -31.727586
-8.006610 115.094615 296.264454
-9.021194 283.245635 -8.638023
146.516262 -31.204738 1111.416697
417.602270 585.611988 244.015511
69.513961 333.638027 603.524336
466.362159 -13.300782 -18.056485
160.536826 -25.075208 -19.726730
16.910485 83.973818 448.538930
76.800664 192.171809 691.207356
164.110452 -12.152531 35.844356
977.001558 880.680437 1198.025730
287.047486 325.118388 490.273591
395.933504 -14.220768 956.281886
1020.064550 992.077291 1124.895456
1058.198402 1046.889367 1081.214347
988.637833 981.663286 1084.019950
986.298106 1070.442841 776.139461
1033.829277 1053.433732 1122.216120
1428.282742 1391.229542 1062.351060
1080.766774 1096.806868 1175.886646
1129.207683 1143.004612 1184.233723
1472.319103 1438.224893 1500.096935
-5.955000 -3.855000 -8.311188
-12.962455 -15.389066 -13.030204
-17.433475 -16.195575 -26.526717
-10.194780 -11.143167 349.402673
-6.613740 -5.688150 -4.764000
-6.418800 -6.418800 -8.858976
-6.418800 -6.897600 770.183346
-4.080000 -4.764000 386.274571
9.708795 -2.672100 594.591886
-3.573000 22.281106 216.110108
488.201285 711.918360 978.687521
410.127990 182.036279 33.211510
-74.846808 -105.361011 -101.797410
-55.028625 -60.880287 -42.339710
-49.976611 -72.433293 -72.842168
-73.765136 -75.309561 -79.064223
-84.970256 -87.028966 -86.825246
-86.512054 -87.321272 -98.097190
-116.052479 -92.562477 -107.789459
-92.122288 -113.459171 -88.536988
-57.521343 -73.973092 -130.137037
-88.095958 242.830604 -90.874282
-101.408158 503.269533 -122.503429
-70.483331 -76.026897 752.062296
606.168611 38.972936 51.901736
53.433717 11.984164 96.039870
264.430290 189.207989 1044.035264
623.001214 235.169549 945.028726
1020.485960 1109.874894 1238.466129
1012.849260 707.636149 667.313145
802.640279 770.787312 1059.735277
1004.187803 1015.195580 1057.119564
1187.735471 1238.423972 1484.674972
1042.073343 1016.200435 1117.363876
968.557049 962.054541 1027.206761
985.701537 1250.369465 1001.226402
1582.626120 1566.651838 1554.158015
1327.061978 988.052170 1437.978119
983.510605 717.659622 1247.851019
1628.107707 1624.130797 1621.693315
